t = 0:1:10;
u = 0:5:50;
